 sample  count  weight
      0      3  0.1875
      5      1  0.0625
     15      1  0.0625
     16      1  0.0625
     26      1  0.0625
     30      4  0.2500
     40      1  0.0625
     42      1  0.0625
     46      1  0.0625
     54      1  0.0625
     57      1  0.0625
== table: median gain % (P(P1>=5%))
stroke  0    25   50   75   100  125  150  175
cap                                           
0       0.2  1.8  2.9  3.3  3.3  3.4  NaN  NaN
20      0.6  1.9  3.0  3.7  3.9  4.0  4.1  NaN
40      1.0  2.2  3.3  4.0  4.4  4.5  4.6  4.6
60      1.5  2.6  3.6  4.3  4.8  5.0  5.0  5.1
80      2.1  3.3  4.2  4.8  5.2  5.4  5.5  5.7
100     2.6  4.2  5.0  5.6  5.9  6.2  6.2  6.3
115     2.6  4.6  5.7  6.2  6.5  6.6  6.6  6.7
stroke  0     25    50   75    100   125   150   175
cap                                                 
0       0.0  0.00  0.00  0.0  0.00  0.00   NaN   NaN
20      0.0  0.00  0.00  0.0  0.00  0.00  0.00   NaN
40      0.0  0.00  0.00  0.0  0.00  0.06  0.06  0.06
60      0.0  0.00  0.00  0.0  0.06  0.25  0.81  0.81
80      0.0  0.00  0.00  0.0  1.00  1.00  1.00  1.00
100     0.0  0.00  0.62  1.0  1.00  1.00  1.00  1.00
115     0.0  0.06  0.94  1.0  1.00  1.00  1.00  1.00
== dyno_500: median gain % (P(P1>=5%))
stroke  0    25   50   75   100  125  150  175
cap                                           
0       0.2  1.8  2.9  3.3  3.3  3.4  NaN  NaN
20      0.6  1.9  3.0  3.7  3.9  4.0  4.1  NaN
40      1.0  2.2  3.3  4.0  4.4  4.5  4.6  4.6
60      1.5  2.6  3.6  4.3  4.8  5.0  5.0  5.1
80      2.1  3.3  4.2  4.8  5.2  5.4  5.5  5.6
100     2.6  4.2  5.0  5.6  5.9  6.2  6.2  6.3
115     2.6  4.6  5.7  6.2  6.5  6.6  6.6  6.7
stroke  0     25    50   75    100   125   150   175
cap                                                 
0       0.0  0.00  0.00  0.0  0.00  0.00   NaN   NaN
20      0.0  0.00  0.00  0.0  0.00  0.00  0.00   NaN
40      0.0  0.00  0.00  0.0  0.00  0.06  0.06  0.06
60      0.0  0.00  0.00  0.0  0.06  0.25  0.56  0.81
80      0.0  0.00  0.00  0.0  1.00  1.00  1.00  1.00
100     0.0  0.00  0.62  1.0  1.00  1.00  1.00  1.00
115     0.0  0.06  0.94  1.0  1.00  1.00  1.00  1.00
== gear2_3000: median gain % (P(P1>=5%))
stroke  0    25   50   75   100  125  150  175
cap                                           
0       0.2  0.7  2.0  2.3  2.9  3.1  NaN  NaN
20      0.6  1.0  1.7  2.8  3.6  3.8  3.8  NaN
40      1.0  1.5  2.0  2.6  3.2  3.8  4.0  4.0
60      1.5  2.0  2.6  2.8  3.1  3.9  4.5  4.7
80      2.1  2.7  3.0  3.3  3.7  3.6  4.1  4.6
100     2.6  3.5  4.3  4.0  3.8  4.3  4.6  5.1
115     2.6  3.8  4.8  5.2  4.6  5.1  4.7  5.3
stroke  0    25    50    75    100   125   150   175
cap                                                 
0       0.0  0.0  0.00  0.00  0.00  0.00   NaN   NaN
20      0.0  0.0  0.00  0.00  0.00  0.00  0.00   NaN
40      0.0  0.0  0.00  0.00  0.00  0.00  0.00  0.06
60      0.0  0.0  0.00  0.00  0.00  0.00  0.19  0.25
80      0.0  0.0  0.00  0.00  0.00  0.06  0.19  0.25
100     0.0  0.0  0.00  0.00  0.00  0.00  0.00  0.69
115     0.0  0.0  0.38  0.62  0.06  0.50  0.31  0.81
== gear1_6000: median gain % (P(P1>=5%))
stroke  0    25   50   75   100  125  150  175
cap                                           
0       0.2  0.3  0.8  1.2  2.0  2.2  NaN  NaN
20      0.6  0.5  1.0  2.0  2.7  3.0  3.4  NaN
40      1.0  1.0  1.1  1.6  2.5  3.0  3.2  3.4
60      1.5  1.5  1.5  1.6  2.1  2.9  3.5  4.0
80      2.1  2.2  2.0  2.0  2.4  2.5  2.9  3.4
100     2.6  3.1  3.4  2.7  2.6  2.9  3.4  3.7
115     2.6  3.0  3.5  4.0  3.0  3.3  3.4  3.7
stroke  0    25   50   75   100  125  150   175
cap                                            
0       0.0  0.0  0.0  0.0  0.0  0.0  NaN   NaN
20      0.0  0.0  0.0  0.0  0.0  0.0  0.0   NaN
40      0.0  0.0  0.0  0.0  0.0  0.0  0.0  0.00
60      0.0  0.0  0.0  0.0  0.0  0.0  0.0  0.00
80      0.0  0.0  0.0  0.0  0.0  0.0  0.0  0.12
100     0.0  0.0  0.0  0.0  0.0  0.0  0.0  0.12
115     0.0  0.0  0.0  0.0  0.0  0.0  0.0  0.19

      rate  gain_q10  gain_q50  gain_q90  P_p1_ge_5  P_p2_ge_097
  dyno_500    0.0620    0.0649    0.0673     1.0000          1.0
gear1_6000    0.0265    0.0299    0.0383     0.0000          0.0
gear2_3000    0.0413    0.0461    0.0491     0.0625          0.0
     table    0.0620    0.0649    0.0673     1.0000          1.0
ok
chain done Tue Sep 29 23:30:31 USMST 2026
